#include <Iconic.h>

namespace Iconic {
  const uint8_t Badge2x[] = {
    16, 16, // width, height
      0,   0,   0,   0,   0,  20,  89, 122, 122,  88,  19,   0,   0,   0,   0,   0, 
      0,   0,   0,   0,  20, 120, 127, 127, 127, 127, 119,  19,   0,   0,   0,   0, 
      0,   0,   0,   0,  89, 127, 127, 127, 127, 127, 127,  87,   0,   0,   0,   0, 
      0,   0,   0,   0, 122, 127, 127, 127, 127, 127, 127, 121,   0,   0,   0,   0, 
      0,   0,   0,   0, 122, 127, 127, 127, 127, 127, 127, 121,   0,   0,   0,   0, 
      0,   0,   0,   0,  88, 127, 127, 127, 127, 127, 127,  87,   0,   0,   0,   0, 
      0,   0,   0,   0,  19, 119, 127, 127, 127, 127, 119,  18,   0,   0,   0,   0, 
      0,   0,   0,   0,   0,  19,  87, 121, 121,  87,  18,   0,   0,   0,   0,   0, 
      0,   0,   0,   0,   0,   0,   0,   0,   0,   0,   0,   0,   0,   0,   0,   0, 
      0,   0,   0,   0,   0,   0,  30,   5,   5,  30,   0,   0,   0,   0,   0,   0, 
      0,   0,   0,   0,   0,   0, 127, 127, 127, 127,   0,   0,   0,   0,   0,   0, 
      0,   0,   0,   0,   0,   0, 127, 127, 127, 127,   0,   0,   0,   0,   0,   0, 
      0,   0,   0,   0,   0,   0, 127, 127, 127, 127,   0,   0,   0,   0,   0,   0, 
      0,   0,   0,   0,   0,   0, 127, 127, 127, 127,   0,   0,   0,   0,   0,   0, 
      0,   0,   0,   0,   0,   0, 127,  64,  64, 127,   0,   0,   0,   0,   0,   0, 
      0,   0,   0,   0,   0,   0,  64,   0,   0,  64,   0,   0,   0,   0,   0,   0, 
  };
};
