#include <Iconic.h>

namespace Iconic {
  const uint8_t Ban3x[] = {
    24, 24, // width, height
      0,   0,   0,   0,   0,   0,   0,  16,  60,  93, 114, 125, 125, 114,  93,  59,  15,   0,   0,   0,   0,   0,   0,   0, 
      0,   0,   0,   0,   0,  15,  83, 126, 127, 127, 127, 127, 127, 127, 127, 127, 126,  82,  14,   0,   0,   0,   0,   0, 
      0,   0,   0,   0,  44, 121, 127, 127, 127, 127, 127, 127, 127, 127, 127, 127, 127, 127, 121,  42,   0,   0,   0,   0, 
      0,   0,   0,  56, 127, 127, 127, 127,  90,  45,  16,   2,   2,  16,  45,  90, 127, 127, 127, 127,  55,   0,   0,   0, 
      0,   0,  44, 127, 127, 127, 105,  26,   0,   0,   0,   0,   0,   0,   0,   0,  26, 121, 127, 127, 127,  42,   0,   0, 
      0,  15, 121, 127, 127,  93,   5,   0,   0,   0,   0,   0,   0,   0,   0,   0,  73, 127, 127, 127, 127, 121,  14,   0, 
      0,  83, 127, 127, 105,   5,   0,   0,   0,   0,   0,   0,   0,   0,   0,  73, 127, 127, 127, 121, 127, 127,  81,   0, 
     16, 126, 127, 127,  25,   0,   0,   0,   0,   0,   0,   0,   0,   0,  73, 127, 127, 127,  71,  28, 127, 127, 126,  15, 
     60, 127, 127,  88,   0,   0,   0,   0,   0,   0,   0,   0,   0,  73, 127, 127, 127,  71,   0,   0,  91, 127, 127,  58, 
     93, 127, 127,  43,   0,   0,   0,   0,   0,   0,   0,   0,  73, 127, 127, 127,  71,   0,   0,   0,  46, 127, 127,  91, 
    114, 127, 127,  14,   0,   0,   0,   0,   0,   0,   0,  73, 127, 127, 127,  71,   0,   0,   0,   0,  17, 127, 127, 113, 
    125, 127, 127,   1,   0,   0,   0,   0,   0,   0,  73, 127, 127, 127,  71,   0,   0,   0,   0,   0,   3, 127, 127, 124, 
    125, 127, 127,   0,   0,   0,   0,   0,   0,  73, 127, 127, 127,  71,   0,   0,   0,   0,   0,   0,   3, 127, 127, 124, 
    114, 127, 127,  14,   0,   0,   0,   0,  73, 127, 127, 127,  71,   0,   0,   0,   0,   0,   0,   0,  18, 127, 127, 113, 
     93, 127, 127,  44,   0,   0,   0,  73, 127, 127, 127,  71,   0,   0,   0,   0,   0,   0,   0,   0,  47, 127, 127,  91, 
     59, 127, 127,  89,   0,   0,  73, 127, 127, 127,  71,   0,   0,   0,   0,   0,   0,   0,   0,   0,  93, 127, 127,  58, 
     15, 126, 127, 127,  26,  73, 127, 127, 127,  71,   0,   0,   0,   0,   0,   0,   0,   0,   0,  29, 127, 127, 126,  14, 
      0,  82, 127, 127, 121, 127, 127, 127,  71,   0,   0,   0,   0,   0,   0,   0,   0,   0,   6, 108, 127, 127,  80,   0, 
      0,  14, 121, 127, 127, 127, 127,  71,   0,   0,   0,   0,   0,   0,   0,   0,   0,   6,  96, 127, 127, 120,  13,   0, 
      0,   0,  43, 127, 127, 127, 121,  28,   0,   0,   0,   0,   0,   0,   0,   0,  29, 108, 127, 127, 127,  41,   0,   0, 
      0,   0,   0,  55, 127, 127, 127, 127,  91,  46,  17,   3,   3,  18,  47,  93, 127, 127, 127, 127,  54,   0,   0,   0, 
      0,   0,   0,   0,  42, 121, 127, 127, 127, 127, 127, 127, 127, 127, 127, 127, 127, 127, 120,  41,   0,   0,   0,   0, 
      0,   0,   0,   0,   0,  14,  81, 126, 127, 127, 127, 127, 127, 127, 127, 127, 126,  80,  13,   0,   0,   0,   0,   0, 
      0,   0,   0,   0,   0,   0,   0,  15,  58,  91, 113, 124, 124, 113,  91,  58,  14,   0,   0,   0,   0,   0,   0,   0, 
  };
};
