#include <Iconic.h>

namespace Iconic {
  const uint8_t CameraSlr2x[] = {
    16, 16, // width, height
      0,   0,   0,   0,   0,   0,   0,  33, 125, 126, 126, 124,  20,   0,   0,   0, 
      0,   0,   0,   0,   0,   0,   0, 100, 127, 127, 127, 127,  85,   0,   0,   0, 
      0,   0,   0,   0,   0,   0,  38, 127, 127, 127, 127, 127, 127,  24,   0,   0, 
      0,   0,   0,   4,   4,   5, 103, 127, 127, 127, 127, 127, 127,  91,   2,   1, 
      5,  80, 123, 127, 127, 127, 127, 127, 127, 127, 127, 127, 127, 127, 127, 119, 
     79, 127, 127, 127, 127, 127, 127, 127, 127, 127, 127, 127, 127, 127, 127, 120, 
    123, 127,  27,  28, 127, 127, 127, 107,  38,   5,   5,  39, 108, 127, 127, 120, 
    127, 127,  28,  29, 127, 127, 107,   7,   0,   0,   0,   0,   8, 108, 127, 120, 
    127, 127, 127, 127, 127, 127,  38,   0,  41, 117, 117,  39,   0,  40, 127, 120, 
    127, 127, 127, 127, 127, 127,   5,   0, 117, 127, 127, 116,   0,   6, 127, 120, 
    127, 127, 127, 127, 127, 127,   5,   0, 117, 127, 127, 116,   0,   6, 127, 120, 
    127, 127, 127, 127, 127, 127,  39,   0,  39, 116, 116,  38,   0,  40, 127, 120, 
    127, 127, 127, 127, 127, 127, 108,   8,   0,   0,   0,   0,   8, 109, 127, 120, 
    127, 127, 127, 127, 127, 127, 127, 108,  40,   6,   6,  40, 109, 127, 127, 120, 
    127, 127, 127, 127, 127, 127, 127, 127, 127, 127, 127, 127, 127, 127, 127, 120, 
    123, 124, 124, 124, 124, 124, 124, 124, 124, 124, 124, 124, 124, 124, 124, 115, 
  };
};
