#include <Iconic.h>

namespace Iconic {
  const uint8_t Contrast2x[] = {
    16, 16, // width, height
      0,   0,   0,   0,  23,  75, 108, 124, 124, 108,  75,  23,   0,   0,   0,   0, 
      0,   0,   4,  76, 127, 127, 127, 127, 127, 127, 127, 127,  74,   3,   0,   0, 
      0,   4,  95, 127, 127, 127, 127, 127,   3,  25,  70, 123, 127,  94,   4,   0, 
      0,  76, 127, 127, 127, 127, 127, 127,   0,   0,   0,  21, 113, 127,  74,   0, 
     23, 127, 127, 127, 127, 127, 127, 127,   0,   0,   0,   0,  21, 124, 127,  22, 
     75, 127, 127, 127, 127, 127, 127, 127,   0,   0,   0,   0,   0,  71, 127,  74, 
    108, 127, 127, 127, 127, 127, 127, 127,   0,   0,   0,   0,   0,  25, 127, 107, 
    124, 127, 127, 127, 127, 127, 127, 127,   0,   0,   0,   0,   0,   4, 127, 124, 
    124, 127, 127, 127, 127, 127, 127, 127,   0,   0,   0,   0,   0,   4, 127, 124, 
    108, 127, 127, 127, 127, 127, 127, 127,   0,   0,   0,   0,   0,  26, 127, 107, 
     75, 127, 127, 127, 127, 127, 127, 127,   0,   0,   0,   0,   0,  72, 127,  73, 
     23, 127, 127, 127, 127, 127, 127, 127,   0,   0,   0,   0,  22, 124, 126,  22, 
      0,  74, 127, 127, 127, 127, 127, 127,   0,   0,   0,  22, 113, 127,  73,   0, 
      0,   3,  94, 127, 127, 127, 127, 127,   4,  26,  72, 124, 127,  93,   3,   0, 
      0,   0,   4,  74, 127, 127, 127, 127, 127, 127, 127, 126,  73,   3,   0,   0, 
      0,   0,   0,   0,  22,  74, 107, 124, 124, 107,  73,  22,   0,   0,   0,   0, 
  };
};
