#include <Iconic.h>

namespace Iconic {
  const uint8_t Delete[] = {
    8, 8, // width, height
      0,   0,   0,   0,   0,   0,   0,   0, 
      0,  42, 127, 120, 127, 127, 121, 127, 
     10, 117, 120,  13,  93,  93,  14, 121, 
     85, 127, 127,  93,   9,   9,  94, 127, 
     85, 127, 127,  93,   9,  10,  94, 127, 
     10, 117, 121,  14,  94,  94,  15, 121, 
      0,  42, 127, 121, 127, 127, 121, 127, 
      0,   0,   0,   0,   0,   0,   0,   0, 
  };
};
