#include <Iconic.h>

namespace Iconic {
  const uint8_t LoopCircular3x[] = {
    24, 24, // width, height
      0,   0,   0,   0,   0,   0,   0,   0,   0,   0,   0,   0,   0,   0,   0,   0,   0,   0,   0,   0,   0,   0,   0,   0, 
      0,   0,   0,   0,   0,   0,   0,   0,   0,   0,   0,   0,   0,   0,   0,   0,   0,   0,   0,   0,   0,   0,   0,   0, 
      0,   0,   0,   0,   0,   0,   0,   0,   0,   0,   0,   0,   0,   0,   0,   0,   0,   0,   0,   0,   0,   0,   0,   0, 
      0,   0,   0,   0,   0,   0,   0,   0,  36,  81, 110, 124,   0,   0,   0,   0,   0,   0,   0,   0,   0,   0,   0,   0, 
      0,   0,   0,   0,   0,   0,  20,  99, 127, 127, 127, 127,   0,   0,   0,   0,   0,   0,   0,   0,   0,   0,   0,   0, 
      0,   0,   0,   0,   0,  31, 121, 127, 127, 127, 127, 127,   0,   0,   0,   0,   0,   0,   0,   0,   0,   0,   0,   0, 
      0,   0,   0,   0,  20, 121, 127, 127, 122,  69,  24,   3,   0,   0,   0,   0,   0,   0,   5,  85,   5,   0,   0,   0, 
      0,   0,   0,   0,  99, 127, 127, 112,  20,   0,   0,   0,   0,   0,   0,   0,   0,   0,  80, 127,  80,   0,   0,   0, 
      0,   0,   0,  36, 127, 127, 122,  20,   0,   0,   0,   0,   0,   0,   0,   0,   0,  48, 127, 127, 127,  48,   0,   0, 
      0,   0,   0,  81, 127, 127,  69,   0,   0,   0,   0,   0,   0,   0,   0,   0,  21, 122, 127, 127, 127, 122,  21,   0, 
      0,   0,   0, 110, 127, 127,  24,   0,   0,   0,   0,   0,   0,   0,   0,   5, 106, 127, 127, 127, 127, 127, 106,   5, 
      0,   0,   0, 124, 127, 127,   3,   0,   0,   0,   0,   0,   0,   0,   0,  80, 127, 127, 127, 127, 127, 127, 127,  80, 
     80, 127, 127, 127, 127, 127, 127, 127,  80,   0,   0,   0,   0,   0,   0,   0,   0,   4, 127, 127, 124,   0,   0,   0, 
      5, 106, 127, 127, 127, 127, 127, 106,   5,   0,   0,   0,   0,   0,   0,   0,   0,  26, 127, 127, 109,   0,   0,   0, 
      0,  21, 122, 127, 127, 127, 122,  21,   0,   0,   0,   0,   0,   0,   0,   0,   0,  71, 127, 127,  79,   0,   0,   0, 
      0,   0,  48, 127, 127, 127,  48,   0,   0,   0,   0,   0,   0,   0,   0,   0,  22, 124, 127, 127,  33,   0,   0,   0, 
      0,   0,   0,  80, 127,  80,   0,   0,   0,   0,   0,   0,   0,   0,   0,  22, 113, 127, 127,  96,   0,   0,   0,   0, 
      0,   0,   0,   5,  85,   5,   0,   0,   0,   0,   0,   0,   4,  26,  71, 124, 127, 127, 119,  17,   0,   0,   0,   0, 
      0,   0,   0,   0,   0,   0,   0,   0,   0,   0,   0,   0, 127, 127, 127, 127, 127, 119,  29,   0,   0,   0,   0,   0, 
      0,   0,   0,   0,   0,   0,   0,   0,   0,   0,   0,   0, 127, 127, 127, 127,  96,  17,   0,   0,   0,   0,   0,   0, 
      0,   0,   0,   0,   0,   0,   0,   0,   0,   0,   0,   0, 124, 109,  79,  33,   0,   0,   0,   0,   0,   0,   0,   0, 
      0,   0,   0,   0,   0,   0,   0,   0,   0,   0,   0,   0,   0,   0,   0,   0,   0,   0,   0,   0,   0,   0,   0,   0, 
      0,   0,   0,   0,   0,   0,   0,   0,   0,   0,   0,   0,   0,   0,   0,   0,   0,   0,   0,   0,   0,   0,   0,   0, 
      0,   0,   0,   0,   0,   0,   0,   0,   0,   0,   0,   0,   0,   0,   0,   0,   0,   0,   0,   0,   0,   0,   0,   0, 
  };
};
