#include <Iconic.h>

namespace Iconic {
  const uint8_t LoopCircular2x[] = {
    16, 16, // width, height
      0,   0,   0,   0,   0,   0,   0,   0,   0,   0,   0,   0,   0,   0,   0,   0, 
      0,   0,   0,   0,   0,   0,   0,   0,   0,   0,   0,   0,   0,   0,   0,   0, 
      0,   0,   0,   0,   4,  57, 102, 124,   0,   0,   0,   0,   0,   0,   0,   0, 
      0,   0,   0,  14, 106, 127, 127, 127,   0,   0,   0,   0,   0,   0,   0,   0, 
      0,   0,   4, 106, 127, 105,  37,   5,   0,   0,   0,   0,  48,  48,   0,   0, 
      0,   0,  57, 127, 105,   6,   0,   0,   0,   0,   0,  21, 122, 122,  21,   0, 
      0,   0, 102, 127,  37,   0,   0,   0,   0,   0,   5, 106, 127, 127, 106,   5, 
      0,   0, 124, 127,   5,   0,   0,   0,   0,   0,  80, 127, 127, 127, 127,  80, 
     80, 127, 127, 127, 127,  80,   0,   0,   0,   0,   0,   6, 127, 123,   0,   0, 
      5, 106, 127, 127, 106,   5,   0,   0,   0,   0,   0,  39, 127, 101,   0,   0, 
      0,  21, 122, 122,  21,   0,   0,   0,   0,   0,   7, 108, 127,  54,   0,   0, 
      0,   0,  48,  48,   0,   0,   0,   0,   6,  39, 108, 127, 103,   3,   0,   0, 
      0,   0,   0,   0,   0,   0,   0,   0, 127, 127, 127, 103,  13,   0,   0,   0, 
      0,   0,   0,   0,   0,   0,   0,   0, 123, 101,  54,   3,   0,   0,   0,   0, 
      0,   0,   0,   0,   0,   0,   0,   0,   0,   0,   0,   0,   0,   0,   0,   0, 
      0,   0,   0,   0,   0,   0,   0,   0,   0,   0,   0,   0,   0,   0,   0,   0, 
  };
};
