#include <Iconic.h>

namespace Iconic {
  const uint8_t MapMarker4x[] = {
    32, 32, // width, height
      0,   0,   0,   0,   0,   0,   0,   0,   0,   0,   0,  17,  61,  93, 115, 125, 125, 114,  93,  60,  16,   0,   0,   0,   0,   0,   0,   0,   0,   0,   0,   0, 
      0,   0,   0,   0,   0,   0,   0,   0,   0,  16,  85, 126, 127, 127, 127, 127, 127, 127, 127, 127, 126,  84,  15,   0,   0,   0,   0,   0,   0,   0,   0,   0, 
      0,   0,   0,   0,   0,   0,   0,   0,  46, 122, 127, 127, 127, 127, 127, 127, 127, 127, 127, 127, 127, 127, 122,  45,   0,   0,   0,   0,   0,   0,   0,   0, 
      0,   0,   0,   0,   0,   0,   0,  59, 127, 127, 127, 127, 127, 127, 127, 127, 127, 127, 127, 127, 127, 127, 127, 127,  57,   0,   0,   0,   0,   0,   0,   0, 
      0,   0,   0,   0,   0,   0,  46, 127, 127, 127, 127, 127, 104,  52,  19,   3,   3,  19,  52, 103, 127, 127, 127, 127, 127,  45,   0,   0,   0,   0,   0,   0, 
      0,   0,   0,   0,   0,  16, 122, 127, 127, 127, 123,  51,   0,   0,   0,   0,   0,   0,   0,   0,  51, 123, 127, 127, 127, 121,  15,   0,   0,   0,   0,   0, 
      0,   0,   0,   0,   0,  85, 127, 127, 127, 123,  32,   0,   0,   0,   0,   0,   0,   0,   0,   0,   0,  31, 123, 127, 127, 127,  83,   0,   0,   0,   0,   0, 
      0,   0,   0,   0,  17, 126, 127, 127, 127,  51,   0,   0,   0,   0,   0,   0,   0,   0,   0,   0,   0,   0,  51, 127, 127, 127, 126,  15,   0,   0,   0,   0, 
      0,   0,   0,   0,  61, 127, 127, 127, 104,   0,   0,   0,   0,   0,   0,   0,   0,   0,   0,   0,   0,   0,   0, 104, 127, 127, 127,  59,   0,   0,   0,   0, 
      0,   0,   0,   0,  93, 127, 127, 127,  52,   0,   0,   0,   0,   0,   0,   0,   0,   0,   0,   0,   0,   0,   0,  53, 127, 127, 127,  92,   0,   0,   0,   0, 
      0,   0,   0,   0, 115, 127, 127, 127,  19,   0,   0,   0,   0,   0,   0,   0,   0,   0,   0,   0,   0,   0,   0,  19, 127, 127, 127, 113,   0,   0,   0,   0, 
      0,   0,   0,   0, 125, 127, 127, 127,   3,   0,   0,   0,   0,   0,   0,   0,   0,   0,   0,   0,   0,   0,   0,   3, 127, 127, 127, 124,   0,   0,   0,   0, 
      0,   0,   0,   0, 122, 127, 127, 127,   3,   0,   0,   0,   0,   0,   0,   0,   0,   0,   0,   0,   0,   0,   0,   3, 127, 127, 127, 122,   0,   0,   0,   0, 
      0,   0,   0,   0, 109, 127, 127, 127,  19,   0,   0,   0,   0,   0,   0,   0,   0,   0,   0,   0,   0,   0,   0,  19, 127, 127, 127, 108,   0,   0,   0,   0, 
      0,   0,   0,   0,  82, 127, 127, 127,  52,   0,   0,   0,   0,   0,   0,   0,   0,   0,   0,   0,   0,   0,   0,  52, 127, 127, 127,  81,   0,   0,   0,   0, 
      0,   0,   0,   0,  46, 127, 127, 127, 103,   0,   0,   0,   0,   0,   0,   0,   0,   0,   0,   0,   0,   0,   0, 103, 127, 127, 127,  45,   0,   0,   0,   0, 
      0,   0,   0,   0,   6, 122, 127, 127, 127,  51,   0,   0,   0,   0,   0,   0,   0,   0,   0,   0,   0,   0,  51, 127, 127, 127, 122,   5,   0,   0,   0,   0, 
      0,   0,   0,   0,   0,  74, 127, 127, 127, 123,  31,   0,   0,   0,   0,   0,   0,   0,   0,   0,   0,  30, 123, 127, 127, 127,  74,   0,   0,   0,   0,   0, 
      0,   0,   0,   0,   0,  17, 125, 127, 127, 127, 123,  51,   0,   0,   0,   0,   0,   0,   0,   0,  51, 123, 127, 127, 127, 125,  17,   0,   0,   0,   0,   0, 
      0,   0,   0,   0,   0,   0,  75, 127, 127, 127, 127, 127, 104,  53,  19,   3,   3,  19,  52, 103, 127, 127, 127, 127, 127,  74,   0,   0,   0,   0,   0,   0, 
      0,   0,   0,   0,   0,   0,  11, 119, 127, 127, 127, 127, 127, 127, 127, 127, 127, 127, 127, 127, 127, 127, 127, 127, 119,  10,   0,   0,   0,   0,   0,   0, 
      0,   0,   0,   0,   0,   0,   0,  53, 127, 127, 127, 127, 127, 127, 127, 127, 127, 127, 127, 127, 127, 127, 127, 127,  52,   0,   0,   0,   0,   0,   0,   0, 
      0,   0,   0,   0,   0,   0,   0,   0,  96, 127, 127, 127, 127, 127, 127, 127, 127, 127, 127, 127, 127, 127, 127,  96,   0,   0,   0,   0,   0,   0,   0,   0, 
      0,   0,   0,   0,   0,   0,   0,   0,  17, 121, 127, 127, 127, 127, 127, 127, 127, 127, 127, 127, 127, 127, 121,  16,   0,   0,   0,   0,   0,   0,   0,   0, 
      0,   0,   0,   0,   0,   0,   0,   0,   0,  46, 127, 127, 127, 127, 127, 127, 127, 127, 127, 127, 127, 127,  46,   0,   0,   0,   0,   0,   0,   0,   0,   0, 
      0,   0,   0,   0,   0,   0,   0,   0,   0,   0,  78, 127, 127, 127, 127, 127, 127, 127, 127, 127, 127,  78,   0,   0,   0,   0,   0,   0,   0,   0,   0,   0, 
      0,   0,   0,   0,   0,   0,   0,   0,   0,   0,   4, 102, 127, 127, 127, 127, 127, 127, 127, 127, 102,   4,   0,   0,   0,   0,   0,   0,   0,   0,   0,   0, 
      0,   0,   0,   0,   0,   0,   0,   0,   0,   0,   0,  14, 116, 127, 127, 127, 127, 127, 127, 116,  14,   0,   0,   0,   0,   0,   0,   0,   0,   0,   0,   0, 
      0,   0,   0,   0,   0,   0,   0,   0,   0,   0,   0,   0,  28, 123, 127, 127, 127, 127, 123,  27,   0,   0,   0,   0,   0,   0,   0,   0,   0,   0,   0,   0, 
      0,   0,   0,   0,   0,   0,   0,   0,   0,   0,   0,   0,   0,  41, 126, 127, 127, 126,  41,   0,   0,   0,   0,   0,   0,   0,   0,   0,   0,   0,   0,   0, 
      0,   0,   0,   0,   0,   0,   0,   0,   0,   0,   0,   0,   0,   0,  53, 127, 127,  53,   0,   0,   0,   0,   0,   0,   0,   0,   0,   0,   0,   0,   0,   0, 
      0,   0,   0,   0,   0,   0,   0,   0,   0,   0,   0,   0,   0,   0,   0,  61,  61,   0,   0,   0,   0,   0,   0,   0,   0,   0,   0,   0,   0,   0,   0,   0, 
  };
};
