#include <Iconic.h>

namespace Iconic {
  const uint8_t Move[] = {
    8, 8, // width, height
      0,   0,  16,  96,  16,   0,   0,   0, 
      0,   0,  48, 127,  48,   0,   0,   0, 
     16,  48,   0, 127,   0,  48,  16,   0, 
     96, 127, 127, 127, 127, 127,  96,   0, 
     16,  48,   0, 127,   0,  48,  16,   0, 
      0,   0,  48, 127,  48,   0,   0,   0, 
      0,   0,  16,  96,  16,   0,   0,   0, 
      0,   0,   0,   0,   0,   0,   0,   0, 
  };
};
