#include <Iconic.h>

namespace Iconic {
  const uint8_t PlayCircle2x[] = {
    16, 16, // width, height
      0,   0,   0,   0,  24,  76, 109, 124, 124, 108,  75,  23,   0,   0,   0,   0, 
      0,   0,   4,  78, 127, 127, 127, 127, 127, 127, 127, 127,  76,   4,   0,   0, 
      0,   4,  97, 127, 127, 127, 127, 127, 127, 127, 127, 127, 127,  96,   4,   0, 
      0,  78, 127, 127, 127, 127, 127, 127, 127, 127, 127, 127, 127, 127,  75,   0, 
     24, 127, 127, 127, 127, 127,  42, 117, 127, 127, 127, 127, 127, 127, 127,  23, 
     76, 127, 127, 127, 127, 127,   0,  10,  85, 127, 127, 127, 127, 127, 127,  74, 
    109, 127, 127, 127, 127, 127,   0,   0,   0,  42, 117, 127, 127, 127, 127, 107, 
    124, 127, 127, 127, 127, 127,   0,   0,   0,   0,  10,  85, 127, 127, 127, 124, 
    124, 127, 127, 127, 127, 127,   0,   0,   0,   0,  10,  85, 127, 127, 127, 124, 
    108, 127, 127, 127, 127, 127,   0,   0,   0,  42, 117, 127, 127, 127, 127, 107, 
     75, 127, 127, 127, 127, 127,   0,  10,  85, 127, 127, 127, 127, 127, 127,  73, 
     23, 127, 127, 127, 127, 127,  42, 117, 127, 127, 127, 127, 127, 127, 127,  22, 
      0,  76, 127, 127, 127, 127, 127, 127, 127, 127, 127, 127, 127, 127,  74,   0, 
      0,   4,  96, 127, 127, 127, 127, 127, 127, 127, 127, 127, 127,  95,   3,   0, 
      0,   0,   4,  76, 127, 127, 127, 127, 127, 127, 127, 127,  74,   3,   0,   0, 
      0,   0,   0,   0,  23,  74, 107, 124, 124, 107,  73,  22,   0,   0,   0,   0, 
  };
};
