#include <Iconic.h>

namespace Iconic {
  const uint8_t Sun2x[] = {
    16, 16, // width, height
      0,   0,   0,   0,   0,   0,   0, 100, 100,   0,   0,   0,   0,   0,   0,   0, 
      0,   0,   0,   0,   0,   0,   0,  99,  98,   0,   0,   0,   0,   0,   0,   0, 
      0,   0, 100,  99,   0,   0,   0,   0,   0,   0,   0,   0, 102, 100,   0,   0, 
      0,   0,  99,  98,   0,   0,   0,   0,   0,   0,   0,   0, 100,  98,   0,   0, 
      0,   0,   0,   0,   0,  20,  89, 122, 122,  88,  19,   0,   0,   0,   0,   0, 
      0,   0,   0,   0,  20, 120, 127, 127, 127, 127, 119,  19,   0,   0,   0,   0, 
      0,   0,   0,   0,  89, 127, 127, 127, 127, 127, 127,  87,   0,   0,   0,   0, 
    100,  99,   0,   0, 122, 127, 127, 127, 127, 127, 127, 121,   0,   0, 102, 100, 
    100,  98,   0,   0, 122, 127, 127, 127, 127, 127, 127, 121,   0,   0, 100,  98, 
      0,   0,   0,   0,  88, 127, 127, 127, 127, 127, 127,  87,   0,   0,   0,   0, 
      0,   0,   0,   0,  19, 119, 127, 127, 127, 127, 119,  18,   0,   0,   0,   0, 
      0,   0,   0,   0,   0,  19,  87, 121, 121,  87,  18,   0,   0,   0,   0,   0, 
      0,   0, 102, 100,   0,   0,   0,   0,   0,   0,   0,   0, 102, 100,   0,   0, 
      0,   0, 100,  98,   0,   0,   0,   0,   0,   0,   0,   0, 100,  98,   0,   0, 
      0,   0,   0,   0,   0,   0,   0, 102, 100,   0,   0,   0,   0,   0,   0,   0, 
      0,   0,   0,   0,   0,   0,   0, 100,  98,   0,   0,   0,   0,   0,   0,   0, 
  };
};
