#include <Iconic.h>

namespace Iconic {
  const uint8_t Target2x[] = {
    16, 16, // width, height
      0,   0,   0,   0,  23,  75, 108, 124, 124, 108,  75,  23,   0,   0,   0,   0, 
      0,   0,   4,  76, 127, 127, 127, 127, 127, 127, 127, 127,  74,   3,   0,   0, 
      0,   4,  95, 127, 123,  69,  24,   3,   3,  25,  70, 123, 127,  94,   4,   0, 
      0,  76, 127, 112,  20,   0,   0,   0,   0,   0,   0,  21, 113, 127,  74,   0, 
     23, 127, 123,  20,   0,  20,  89, 122, 122,  88,  19,   0,  21, 124, 127,  22, 
     75, 127,  69,   0,  20, 120, 127, 127, 127, 127, 119,  19,   0,  71, 127,  74, 
    108, 127,  24,   0,  89, 127,  86,  11,  10,  87, 127,  87,   0,  25, 127, 107, 
    124, 127,   3,   0, 122, 127,  11,   0,   0,  11, 127, 121,   0,   4, 127, 124, 
    124, 127,   3,   0, 122, 127,  10,   0,   0,  11, 127, 121,   0,   4, 127, 124, 
    108, 127,  25,   0,  88, 127,  87,  11,  11,  88, 127,  87,   0,  26, 127, 107, 
     75, 127,  70,   0,  19, 119, 127, 127, 127, 127, 119,  18,   0,  72, 127,  73, 
     23, 127, 123,  21,   0,  19,  87, 121, 121,  87,  18,   0,  22, 124, 126,  22, 
      0,  74, 127, 113,  21,   0,   0,   0,   0,   0,   0,  22, 113, 127,  73,   0, 
      0,   3,  94, 127, 123,  71,  25,   4,   4,  26,  72, 124, 127,  93,   3,   0, 
      0,   0,   4,  74, 127, 127, 127, 127, 127, 127, 127, 126,  73,   3,   0,   0, 
      0,   0,   0,   0,  22,  74, 107, 124, 124, 107,  73,  22,   0,   0,   0,   0, 
  };
};
